0 0 0 511 1 15 1 15
0 0 0 522 9 10 2 0
0 0 0 527 9 15 2 0
0 0 0 526 9 14 2 0
0 0 0 525 9 13 2 0
0 0 0 524 9 12 2 0
0 0 0 523 9 11 2 0
0 0 0 649 9 9 2 8
0 0 0 521 9 9 2 0
0 0 0 713 9 9 2 12
0 0 0 712 9 8 2 12
0 0 0 1134 1 14 4 6
0 0 0 648 9 8 2 8
0 0 0 584 9 8 2 4
0 0 0 520 9 8 2 0
0 0 0 711 9 7 2 12
0 0 0 647 9 7 2 8
0 0 0 583 9 7 2 4
0 0 0 519 9 7 2 0
0 0 0 710 9 6 2 12
0 0 0 646 9 6 2 8
0 0 0 582 9 6 2 4
0 0 0 518 9 6 2 0
0 0 0 517 9 5 2 0
0 0 0 516 9 4 2 0
0 0 0 494 3 14 1 14
0 0 0 515 9 3 2 0
0 0 0 514 9 2 2 0
0 0 0 531 9 3 2 1
0 0 0 513 9 1 2 0
0 0 0 512 9 0 2 0
0 0 0 726 9 6 2 13
0 0 0 662 9 6 2 9
0 0 0 598 9 6 2 5
0 0 0 534 9 6 2 1
0 0 0 678 9 6 2 10
0 0 0 973 3 13 3 12
0 0 0 614 9 6 2 6
0 0 0 550 9 6 2 2
0 0 0 694 9 6 2 11
0 0 0 989 3 13 3 13
0 0 0 630 9 6 2 7
0 0 0 566 9 6 2 3
0 0 0 727 9 7 2 13
0 0 0 808 3 8 3 2
0 0 0 663 9 7 2 9
0 0 0 599 9 7 2 5
0 0 0 535 9 7 2 1
0 0 0 888 3 8 3 7
0 0 0 743 9 7 2 14
0 0 0 824 3 8 3 3
0 0 0 679 9 7 2 10
0 0 0 615 9 7 2 6
0 0 0 551 9 7 2 2
0 0 0 631 9 7 2 7
0 0 0 567 9 7 2 3
0 0 0 728 9 8 2 13
0 0 0 664 9 8 2 9
0 0 0 600 9 8 2 5
0 0 0 536 9 8 2 1
0 0 0 680 9 8 2 10
0 0 0 616 9 8 2 6
0 0 0 919 3 7 3 9
0 0 0 552 9 8 2 2
0 0 0 568 9 8 2 3
0 0 0 935 3 7 3 10
0 0 0 632 9 8 2 7
0 0 0 696 9 8 2 11
0 0 0 633 9 9 2 7
0 0 0 697 9 9 2 11
0 0 0 665 9 9 2 9
0 0 0 681 9 9 2 10
0 0 0 532 9 4 2 1
0 0 0 533 9 5 2 1
0 0 0 548 9 4 2 2
0 0 0 564 9 4 2 3
0 0 0 580 9 4 2 4
0 0 0 549 9 5 2 2
0 0 0 565 9 5 2 3
0 0 0 581 9 5 2 4
0 0 0 597 9 5 2 5
0 0 0 613 9 5 2 6
0 0 0 629 9 5 2 7
0 0 0 645 9 5 2 8
0 0 0 661 9 5 2 9
0 0 0 677 9 5 2 10
0 0 0 693 9 5 2 11
0 0 0 709 9 5 2 12
0 0 0 725 9 5 2 13
0 0 0 878 1 14 3 6
0 0 0 579 9 3 2 4
0 0 0 595 9 3 2 5
0 0 0 596 9 4 2 5
0 0 0 612 9 4 2 6
0 0 0 628 9 4 2 7
0 0 0 741 9 5 2 14
0 0 0 644 9 4 2 8
0 0 0 660 9 4 2 9
0 0 0 676 9 4 2 10
0 0 0 692 9 4 2 11
0 0 0 708 9 4 2 12
0 0 0 724 9 4 2 13
0 0 0 740 9 4 2 14
0 0 0 759 9 7 2 15
0 0 0 742 9 6 2 14
0 0 0 537 9 9 2 1
0 0 0 569 9 9 2 3
0 0 0 585 9 9 2 4
0 0 0 570 9 10 2 3
0 0 0 586 9 10 2 4
0 0 0 571 9 11 2 3
0 0 0 553 9 9 2 2
0 0 0 601 9 9 2 5
0 0 0 618 9 10 2 6
0 0 0 619 9 11 2 6
0 0 0 842 9 10 3 4
0 0 0 587 9 11 2 4
0 0 0 588 9 12 2 4
0 0 0 634 3 10 2 7
0 0 0 635 3 11 2 7
0 0 0 650 3 10 2 8
0 0 0 695 3 7 2 11
0 0 0 651 3 11 2 8
0 0 0 666 3 10 2 9
0 0 0 667 3 11 2 9
0 0 0 683 3 11 2 10
0 0 0 984 3 8 3 13
0 0 0 968 3 8 3 12
0 0 0 969 3 9 3 12
0 0 0 953 3 9 3 11
0 0 0 937 3 9 3 10
0 0 0 921 3 9 3 9
0 0 0 939 3 11 3 10
0 0 0 951 3 7 3 11
0 0 0 966 3 6 3 12
0 0 0 981 3 5 3 13
0 0 0 964 3 4 3 12
0 0 0 965 3 5 3 12
0 0 0 950 3 6 3 11
0 0 0 934 3 6 3 10
0 0 0 952 3 8 3 11
0 0 0 936 3 8 3 10
0 0 0 1224 3 8 4 12
0 0 0 938 3 10 3 10
0 0 0 495 3 15 1 14
0 0 0 751 3 15 2 14
0 0 0 750 3 14 2 14
0 0 0 734 3 14 2 13
0 0 0 733 3 13 2 13
0 0 0 886 3 6 3 7
0 0 0 972 3 12 3 12
0 0 0 956 3 12 3 11
0 0 0 971 3 11 3 12
0 0 0 620 1 12 2 6
0 0 0 955 3 11 3 11
0 0 0 970 3 10 3 12
0 0 0 954 3 10 3 11
0 0 0 988 3 12 3 13
0 0 0 617 3 9 2 6
0 0 0 889 3 9 3 7
0 0 0 887 3 7 3 7
0 0 0 870 3 6 3 6
0 0 0 855 3 7 3 5
0 0 0 840 3 8 3 4
0 0 0 823 3 7 3 3
0 0 0 807 3 7 3 2
0 0 0 791 3 7 3 1
0 0 0 809 3 9 3 2
0 0 0 555 3 11 2 2
0 0 0 827 3 11 3 3
0 0 0 572 3 12 2 3
0 0 0 876 1 12 3 6
0 0 0 844 1 12 3 4
0 0 0 892 1 12 3 7
0 0 0 877 1 13 3 6
0 0 0 879 1 15 3 6
0 0 1 511 2 15 1 15
0 0 2 511 2 15 1 15
0 1 0 511 2 15 1 15
0 1 1 511 1 15 1 15
0 1 2 511 2 15 1 15
0 2 0 511 2 15 1 15
0 2 1 511 2 15 1 15
0 2 2 511 1 15 1 15
1 0 0 511 1 15 1 15
1 0 0 523 7 11 2 0
1 0 0 587 7 11 2 4
1 0 0 715 7 11 2 12
1 0 0 651 7 11 2 8
1 0 0 539 7 11 2 1
1 0 0 603 7 11 2 5
1 0 0 731 7 11 2 13
1 0 0 667 7 11 2 9
1 0 0 555 7 11 2 2
1 0 0 619 7 11 2 6
1 0 0 747 7 11 2 14
1 0 0 683 7 11 2 10
1 0 0 571 7 11 2 3
1 0 0 635 7 11 2 7
1 0 0 763 7 11 2 15
1 0 0 699 7 11 2 11
1 0 0 955 5 11 3 11
1 0 0 891 5 11 3 7
1 0 0 1019 5 11 3 15
1 0 0 540 7 12 2 1
1 0 0 541 7 13 2 1
1 0 0 1467 5 11 5 11
1 0 0 1403 5 11 5 7
1 0 0 522 9 10 2 0
1 0 0 521 9 9 2 0
1 0 0 866 1 2 3 6
1 0 0 520 9 8 2 0
1 0 0 536 9 8 2 1
1 0 0 519 9 7 2 0
1 0 0 1125 1 5 4 6
1 0 0 518 9 6 2 0
1 0 0 877 1 13 3 6
1 0 0 535 9 7 2 1
1 0 0 872 1 8 3 6
1 0 0 517 9 5 2 0
1 0 0 516 9 4 2 0
1 0 0 867 1 3 3 6
1 0 0 515 9 3 2 0
1 0 0 868 1 4 3 6
1 0 0 514 9 2 2 0
1 0 0 873 1 9 3 6
1 0 0 513 9 1 2 0
1 0 0 1915 5 11 7 7
1 0 0 512 9 0 2 0
1 0 0 1691 5 11 6 9
1 0 0 864 1 0 3 6
1 0 0 1133 1 13 4 6
1 0 0 865 1 1 3 6
1 0 0 1123 1 3 4 6
1 0 0 869 1 5 3 6
1 0 0 870 1 6 3 6
1 0 0 871 1 7 3 6
1 0 0 1128 1 8 4 6
1 0 0 1179 5 11 4 9
1 0 0 874 1 10 3 6
1 0 0 907 5 11 3 8
1 0 0 620 1 12 2 6
1 0 0 621 1 13 2 6
1 0 0 923 5 11 3 9
1 0 0 1211 5 11 4 11
1 0 0 1147 5 11 4 7
1 0 0 1659 5 11 6 7
1 0 0 1435 5 11 5 9
1 0 0 1947 5 11 7 9
1 0 0 1931 5 11 7 8
1 0 0 1723 5 11 6 11
1 0 0 1979 5 11 7 11
1 0 0 1995 5 11 7 12
1 0 0 2011 5 11 7 13
1 0 0 1483 5 11 5 12
1 0 0 1499 5 11 5 13
1 0 0 1755 5 11 6 13
1 0 0 1275 5 11 4 15
1 0 0 1531 5 11 5 15
1 0 0 1787 5 11 6 15
1 0 0 2043 5 11 7 15
1 0 0 3019 3 11 11 12
1 0 0 3035 3 11 11 13
1 0 0 3051 3 11 11 14
1 0 0 3067 3 11 11 15
1 0 0 3275 3 11 12 12
1 0 0 3531 3 11 13 12
1 0 0 3787 3 11 14 12
1 0 0 4043 3 11 15 12
1 0 0 3323 3 11 12 15
1 0 0 3579 3 11 13 15
1 0 0 3835 3 11 14 15
1 0 0 3819 3 11 14 14
1 0 1 511 2 15 1 15
1 0 1 510 9 14 1 15
1 0 1 2779 4 11 10 13
1 0 1 494 9 14 1 14
1 0 1 987 4 11 3 13
1 0 1 493 9 13 1 14
1 0 1 971 4 11 3 12
1 0 1 477 9 13 1 13
1 0 1 476 9 12 1 13
1 0 1 411 7 11 1 9
1 0 1 475 9 11 1 13
1 0 1 458 1 10 1 12
1 0 1 474 1 10 1 13
1 0 1 457 1 9 1 12
1 0 1 4059 4 11 15 13
1 0 1 441 1 9 1 11
1 0 1 440 1 8 1 11
1 0 1 424 3 8 1 10
1 0 1 423 3 7 1 10
1 0 1 406 3 6 1 9
1 0 1 555 7 11 2 2
1 0 1 619 7 11 2 6
1 0 1 405 3 5 1 9
1 0 1 3035 4 11 11 13
1 0 1 389 3 5 1 8
1 0 1 388 3 4 1 8
1 0 1 372 3 4 1 7
1 0 1 371 3 3 1 7
1 0 1 355 3 3 1 6
1 0 1 539 7 11 2 1
1 0 1 603 7 11 2 5
1 0 1 731 4 11 2 13
1 0 1 1243 4 11 4 13
1 0 1 1499 4 11 5 13
1 0 1 1755 4 11 6 13
1 0 1 2011 4 11 7 13
1 0 1 2267 4 11 8 13
1 0 1 2523 4 11 9 13
1 0 1 3291 4 11 12 13
1 0 1 3547 4 11 13 13
1 0 1 3803 4 11 14 13
1 0 1 395 7 11 1 8
1 0 1 459 4 11 1 12
1 0 1 218 4 10 0 13
1 0 1 203 4 11 0 12
1 0 1 364 7 12 1 6
1 0 1 1244 4 12 4 13
1 0 1 379 7 11 1 7
1 0 1 443 4 11 1 11
1 0 1 427 4 11 1 10
1 0 1 668 7 12 2 9
1 0 1 380 7 12 1 7
1 0 1 571 7 11 2 3
1 0 1 635 7 11 2 7
1 0 1 523 7 11 2 0
1 0 1 587 7 11 2 4
1 0 1 1803 5 11 7 0
1 0 1 1819 5 11 7 1
1 0 1 1291 5 11 5 0
1 0 1 1307 5 11 5 1
1 0 1 779 5 11 3 0
1 0 1 795 5 11 3 1
1 0 1 827 5 11 3 3
1 0 1 1083 5 11 4 3
1 0 1 1339 5 11 5 3
1 0 1 1595 5 11 6 3
1 0 1 1851 5 11 7 3
1 0 1 875 5 11 3 6
1 0 1 1131 5 11 4 6
1 0 1 1387 5 11 5 6
1 0 1 1643 5 11 6 6
1 0 1 1899 5 11 7 6
1 0 1 1115 5 11 4 5
1 0 1 1355 5 11 5 4
1 0 1 2891 3 11 11 4
1 0 1 3147 3 11 12 4
1 0 1 3403 3 11 13 4
1 0 1 3659 3 11 14 4
1 0 1 3915 3 11 15 4
1 0 1 2907 3 11 11 5
1 0 1 2923 3 11 11 6
1 0 1 2939 3 11 11 7
1 0 2 511 2 15 1 15
1 1 0 511 1 15 1 15
1 1 0 203 3 11 0 12
1 1 0 507 3 11 1 15
1 1 0 491 3 11 1 14
1 1 0 475 3 11 1 13
1 1 0 459 3 11 1 12
1 1 1 511 2 15 1 15
1 1 1 1499 5 11 5 13
1 1 1 3641 8 9 14 3
1 1 1 3528 8 8 13 12
1 1 1 3705 8 9 14 7
1 1 1 3769 8 9 14 11
1 1 1 219 5 11 0 13
1 1 1 475 5 11 1 13
1 1 1 731 5 11 2 13
1 1 1 987 5 11 3 13
1 1 1 3513 8 9 13 11
1 1 1 1243 5 11 4 13
1 1 1 1755 5 11 6 13
1 1 1 2011 5 11 7 13
1 1 1 2267 5 11 8 13
1 1 1 2523 5 11 9 13
1 1 1 3690 8 10 14 6
1 1 1 3754 8 10 14 10
1 1 1 2779 5 11 10 13
1 1 1 3035 5 11 11 13
1 1 1 3306 7 10 12 14
1 1 1 3051 6 11 11 14
1 1 1 3307 6 11 12 14
1 1 1 3067 6 11 11 15
1 1 1 3305 7 9 12 14
1 1 1 3815 7 7 14 14
1 1 1 3561 7 9 13 14
1 1 1 3497 8 9 13 10
1 1 1 3560 7 8 13 14
1 1 1 3801 7 9 14 13
1 1 1 3737 8 9 14 9
1 1 1 3673 8 9 14 5
1 1 1 331 3 11 1 4
1 1 1 3559 7 7 13 14
1 1 1 3034 7 10 11 13
1 1 1 3558 7 6 13 14
1 1 1 3707 8 11 14 7
1 1 1 3557 7 5 13 14
1 1 1 3814 7 6 14 14
1 1 1 3515 8 11 13 11
1 1 1 3543 7 7 13 13
1 1 1 75 3 11 0 4
1 1 1 3817 7 9 14 14
1 1 1 3753 8 9 14 10
1 1 1 3689 8 9 14 6
1 1 1 3512 8 8 13 11
1 1 1 3785 7 9 14 12
1 1 1 3544 8 8 13 13
1 1 1 3721 8 9 14 8
1 1 1 3657 8 9 14 4
1 1 1 3545 7 9 13 13
1 1 1 3481 8 9 13 9
1 1 1 3529 8 9 13 12
1 1 1 3546 8 10 13 13
1 1 1 3530 8 10 13 12
1 1 1 3514 8 10 13 11
1 1 1 3706 8 10 14 7
1 1 1 3770 8 10 14 11
1 1 1 3674 8 10 14 5
1 1 1 3738 8 10 14 9
1 1 1 3691 8 11 14 6
1 1 1 3722 8 10 14 8
1 1 1 3723 8 11 14 8
1 1 2 511 2 15 1 15
1 1 2 3100 6 12 12 1
1 1 2 2827 6 11 11 0
1 1 2 3372 6 12 13 2
1 1 2 3083 6 11 12 0
1 1 2 3099 6 11 12 1
1 1 2 3388 6 12 13 3
1 1 2 3404 6 12 13 4
1 1 2 3661 6 13 14 4
1 1 2 3420 6 12 13 5
1 1 2 3405 6 13 13 4
1 1 2 3339 7 11 13 0
1 2 0 511 1 15 1 15
1 2 1 511 2 15 1 15
1 2 2 511 1 15 1 15
2 0 0 511 2 15 1 15
2 0 1 511 1 15 1 15
2 0 2 511 2 15 1 15
2 1 0 511 2 15 1 15
2 1 1 511 2 15 1 15
2 1 2 511 2 15 1 15
2 2 0 511 1 15 1 15
2 2 1 511 2 15 1 15
2 2 2 511 2 15 1 15
